"from_stop_id","to_stop_id","transfer_type","min_transfer_time","min_walk_time","min_wheelchair_time","suggested_buffer_time","wheelchair_transfer"
"70048","70047",2,171,111,183,60,1
"70047","70048",2,171,111,190,60,1
"70157","70156",2,193,73,167,120,1
"70156","70157",2,195,75,165,120,1
"70093","70094",2,149,89,148,60,1
"70093","70261",2,185,95,115,90,1
"Back Bay","70014",2,287,167,272,120,1
"Back Bay","70015",2,287,167,272,120,1
"Back Bay","176",2,286,166,272,120,1
"Back Bay","11384",2,270,150,229,120,1
"Back Bay","23391",2,297,177,225,120,1
"70014","Back Bay",2,371,131,229,240,1
"70015","Back Bay",2,371,131,229,240,1
"176","Back Bay",2,448,148,236,300,1
"11384","Back Bay",2,415,115,193,300,1
"23391","Back Bay",2,437,137,188,300,1
"70014","70015",2,76,16,21,60,1
"70015","70014",2,76,16,21,60,1
"Braintree","70105",2,391,271,354,120,1
"Braintree","38671",2,367,247,332,120,1
"70105","Braintree",2,518,278,343,240,1
"38671","Braintree",2,558,258,337,300,1
"70063","70064",2,68,8,10,60,1
"70064","70063",2,68,8,10,60,1
"70077","70020",2,184,124,"",60,2
"70078","70020",2,178,118,"",60,2
"70021","70020",2,175,115,"",60,2
"70020","70077",2,182,122,"",60,2
"70020","70078",2,180,120,"",60,2
"70020","70021",2,180,120,"",60,2
"70077","70021",2,164,104,257,60,1
"70078","70021",2,159,99,266,60,1
"70021","70077",2,181,121,283,60,1
"70021","70078",2,153,93,283,60,1
"70078","70077",2,212,152,196,60,1
"70077","70078",2,214,154,186,60,1
"Forest Hills","70001",2,289,169,285,120,1
"Forest Hills","875",2,295,175,305,120,1
"Forest Hills","8750",2,300,180,272,120,1
"Forest Hills","10642",2,298,178,270,120,1
"70001","Forest Hills",2,409,169,287,240,1
"875","Forest Hills",2,480,180,305,300,1
"8750","Forest Hills",2,475,175,272,300,1
"10642","Forest Hills",2,474,174,270,300,1
"70039","70201",2,162,72,101,90,1
"70039","70202",2,147,57,127,90,1
"70201","70039",2,124,34,75,90,1
"70202","70039",2,118,28,101,90,1
"70040","70201",2,162,72,101,90,1
"70040","70202",2,147,57,127,90,1
"70201","70040",2,124,34,75,90,1
"70202","70040",2,118,28,101,90,1
"70039","70040",2,75,15,19,60,1
"70040","70039",2,75,15,19,60,1
"70201","70202",2,138,48,63,90,1
"70202","70201",2,138,48,63,90,1
"70024","70025",2,156,96,189,60,1
"70024","70203",2,195,105,103,90,1
"70024","70204",2,195,105,103,90,1
"70025","70024",2,156,96,189,60,1
"70203","70024",2,222,132,138,90,1
"70204","70024",2,222,132,138,90,1
"70025","70203",2,199,109,137,90,1
"70025","70204",2,199,109,137,90,1
"70203","70025",2,227,137,159,90,1
"70204","70025",2,227,137,159,90,1
"70153","70152",2,183,63,"",120,2
"70152","70153",2,174,54,"",120,2
"JFK/UMASS","70085",2,279,159,350,120,1
"JFK/UMASS","70086",2,279,159,350,120,1
"JFK/UMASS","70095",2,279,159,350,120,1
"JFK/UMASS","70096",2,279,159,350,120,1
"JFK/UMASS","121",2,214,94,121,120,1
"70085","JFK/UMASS",2,394,154,331,240,1
"70086","JFK/UMASS",2,394,154,331,240,1
"70095","JFK/UMASS",2,394,154,331,240,1
"70096","JFK/UMASS",2,394,154,331,240,1
"121","JFK/UMASS",2,394,94,121,300,1
"70085","70086",2,76,16,21,60,1
"70086","70085",2,76,16,21,60,1
"70095","70096",2,76,16,21,60,1
"70096","70095",2,76,16,21,60,1
"70085","70095",2,118,58,122,60,1
"70085","70096",2,118,58,122,60,1
"70086","70095",2,118,58,122,60,1
"70086","70096",2,118,58,122,60,1
"70095","70085",2,118,58,122,60,1
"70095","70086",2,118,58,122,60,1
"70096","70085",2,118,58,122,60,1
"70096","70086",2,118,58,122,60,1
"Malden Center","70034",2,206,86,171,120,1
"Malden Center","70035",2,206,86,171,120,1
"Malden Center","5072",2,200,80,153,120,1
"Malden Center","5327",2,196,76,161,120,1
"Malden Center","53270",2,187,67,150,120,1
"70034","Malden Center",2,344,104,161,240,1
"70035","Malden Center",2,344,104,161,240,1
"5072","Malden Center",2,390,90,153,300,1
"5327","Malden Center",2,385,85,163,300,1
"53270","Malden Center",2,376,76,151,300,1
"70034","70035",2,76,16,21,60,1
"70035","70034",2,76,16,21,60,1
"North Station","70206",2,455,335,474,120,1
"North Station","70205",2,422,302,458,120,1
"North Station","70027",2,445,325,474,120,1
"North Station","70026",2,422,302,431,120,1
"North Station","113",2,280,160,207,120,1
"70206","North Station",2,625,325,457,300,1
"70205","North Station",2,592,292,402,300,1
"70027","North Station",2,555,315,444,240,1
"70026","North Station",2,532,292,414,240,1
"113","North Station",2,460,160,207,300,1
"70206","70205",2,132,42,64,90,1
"70027","70205",2,162,72,94,90,1
"70026","70205",2,132,42,64,90,1
"70206","70027",2,162,72,116,90,1
"70026","70027",2,150,60,104,90,1
"70206","70026",2,106,16,13,90,1
"70205","70206",2,132,42,64,90,1
"70205","70027",2,162,72,105,90,1
"70205","70026",2,132,42,64,90,1
"70027","70206",2,164,74,118,90,1
"70027","70026",2,120,60,104,60,1
"70026","70206",2,76,16,13,60,1
"70076","70075",2,66,6,7,60,1
"70200","70075",2,117,27,134,90,1
"70196","70075",2,119,29,109,90,1
"70197","70075",2,119,29,109,90,1
"70198","70075",2,150,60,151,90,1
"70199","70075",2,150,60,151,90,1
"70075","70076",2,66,6,7,60,1
"70075","70200",2,155,65,185,90,1
"70075","70196",2,141,51,133,90,1
"70075","70197",2,141,51,133,90,1
"70075","70198",2,171,81,175,90,1
"70075","70199",2,171,81,175,90,1
"70200","70076",2,133,43,134,90,1
"70196","70076",2,149,59,109,90,1
"70197","70076",2,149,59,109,90,1
"70198","70076",2,181,91,151,90,1
"70199","70076",2,181,91,151,90,1
"70076","70200",2,172,82,185,90,1
"70076","70196",2,173,83,133,90,1
"70076","70197",2,173,83,133,90,1
"70076","70198",2,206,116,175,90,1
"70076","70199",2,206,116,175,90,1
"70196","70200",2,160,70,161,90,1
"70197","70200",2,160,70,161,90,1
"70198","70200",2,164,74,140,90,1
"70199","70200",2,164,74,140,90,1
"70200","70196",2,160,70,161,90,1
"70200","70197",2,160,70,161,90,1
"70200","70198",2,164,74,140,90,1
"70200","70199",2,164,74,140,90,1
"70196","70197",2,125,5,6,120,1
"70197","70196",2,125,5,6,120,1
"70198","70199",2,125,5,6,120,1
"70199","70198",2,125,5,6,120,1
"70196","70198",2,154,34,44,120,1
"70196","70199",2,154,34,44,120,1
"70197","70198",2,154,34,44,120,1
"70197","70199",2,154,34,44,120,1
"70198","70196",2,154,34,44,120,1
"70198","70197",2,154,34,44,120,1
"70199","70196",2,154,34,44,120,1
"70199","70197",2,154,34,44,120,1
"Porter Square","70065",2,286,166,215,120,1
"Porter Square","70066",2,292,172,260,120,1
"70065","Porter Square",2,400,160,205,240,1
"70066","Porter Square",2,430,190,250,240,1
"Porter Square","23151",2,205,85,203,120,1
"Porter Square","12301",2,228,108,237,120,1
"Porter Square","2460",2,203,83,223,120,1
"Porter Square","2430",2,209,89,167,120,1
"23151","Porter Square",2,381,81,203,300,1
"12301","Porter Square",2,405,105,237,300,1
"2460","Porter Square",2,380,80,223,300,1
"2430","Porter Square",2,386,86,167,300,1
"70065","70066",2,83,23,65,60,1
"70066","70065",2,91,31,65,60,1
"Quincy Center","70101",2,219,99,217,120,1
"Quincy Center","70102",2,219,99,217,120,1
"70101","Quincy Center",2,354,114,258,240,1
"70102","Quincy Center",2,354,114,258,240,1
"Quincy Center","32001",2,193,73,160,120,1
"Quincy Center","32002",2,203,83,172,120,1
"Quincy Center","32003",2,212,92,185,120,1
"Quincy Center","32004",2,222,102,197,120,1
"Quincy Center","32005",2,232,112,210,120,1
"32000","Quincy Center",2,387,87,"",300,2
"32001","Quincy Center",2,369,69,160,300,1
"32002","Quincy Center",2,379,79,172,300,1
"32003","Quincy Center",2,389,89,185,300,1
"32004","Quincy Center",2,398,98,197,300,1
"32005","Quincy Center",2,408,108,210,300,1
"70101","70102",2,76,16,21,60,1
"70102","70101",2,76,16,21,60,1
"Ruggles","70011",2,217,97,178,120,1
"Ruggles","70010",2,217,97,178,120,1
"Ruggles","17862",2,198,78,135,120,1
"Ruggles","17863",2,208,88,152,120,1
"Ruggles","17861",2,191,71,92,120,1
"70011","Ruggles",2,332,92,170,240,1
"70010","Ruggles",2,332,92,170,240,1
"17862","Ruggles",2,377,77,135,300,1
"17863","Ruggles",2,388,88,152,300,1
"17861","Ruggles",2,368,68,92,300,1
"70011","70010",2,76,16,21,60,1
"70010","70011",2,76,16,21,60,1
"South Station","74611",2,323,203,323,120,1
"South Station","70079",2,332,212,323,120,1
"South Station","70080",2,332,212,323,120,1
"South Station","6564",2,225,105,136,120,1
"74617","South Station",2,493,193,304,300,1
"70079","South Station",2,455,215,313,240,1
"70080","South Station",2,473,233,313,240,1
"6564","South Station",2,405,105,136,300,1
"74617","74611",2,202,82,167,120,1
"74617","70079",2,95,35,85,60,1
"74617","70080",2,104,44,91,60,1
"70079","74611",2,172,52,88,120,1
"70079","70080",2,139,79,192,60,1
"70080","70079",2,139,79,192,60,1
"70080","74611",2,172,52,88,120,1
"70023","70022",2,213,153,200,60,1
"70041","70022",2,241,181,274,60,1
"70042","70022",2,227,167,216,60,1
"70022","70023",2,234,174,237,60,1
"70022","70041",2,261,201,343,60,1
"70022","70042",2,234,174,225,60,1
"70041","70023",2,132,72,93,60,1
"70042","70023",2,139,79,116,60,1
"70023","70041",2,115,55,71,60,1
"70023","70042",2,124,64,125,60,1
"70042","70041",2,144,84,218,60,1
"70041","70042",2,131,71,201,60,1
"70030","70031",2,66,6,8,60,1
"70031","70030",2,66,6,8,60,1
"70017","70016",2,147,87,176,60,1
"70016","70017",2,147,87,176,60,1
"70075","70020",2,242,182,282,60,1
"70076","70020",2,242,182,282,60,1
"70020","70075",2,226,166,272,60,1
"70020","70076",2,226,166,272,60,1
"70200","70020",2,207,147,190,60,1
"70196","70020",2,287,197,342,90,1
"70197","70020",2,287,197,342,90,1
"70198","70020",2,319,229,384,90,1
"70199","70020",2,319,229,384,90,1
"70020","70200",2,275,185,240,90,1
"70020","70196",2,301,211,392,90,1
"70020","70197",2,301,211,392,90,1
"70020","70198",2,333,243,434,90,1
"70020","70199",2,333,243,434,90,1
"70200","70021",2,301,211,"",90,2
"70196","70021",2,348,258,"",90,2
"70197","70021",2,348,258,"",90,2
"70198","70021",2,381,291,"",90,2
"70199","70021",2,381,291,"",90,2
"70021","70200",2,331,241,"",90,2
"70021","70196",2,379,289,"",90,2
"70021","70197",2,379,289,"",90,2
"70021","70198",2,411,321,"",90,2
"70021","70199",2,411,321,"",90,2
"70154","70155",3,"","","","",""
"70155","70154",3,"","","","",""
